16
0 30 1.100000 396 446 vegetaljungle.jpg
1 60 1.100000 45 282 hippo.jpg
2 50 1.100000 646 446 elephant.jpg
3 30 1.100000 321 346 fourmi.jpg
4 60 1.100000 496 346 babouin.jpg
5 50 1.100000 396 196 phaco.jpg
6 30 1.100000 -1 613 buffle.jpg
7 30 1.100000 246 196 gnou.jpg
8 60 1.100000 546 196 zebre.jpg
9 50 1.100000 746 196 gazelle.jpg
10 30 1.100000 171 46 lion.jpg
11 60 1.100000 321 46 leopard.jpg
12 50 1.100000 496 46 guepard.jpg
13 30 1.100000 620 46 hyene.jpg
14 0 1.100000 762 35 lion.jpg
15 0 1.100000 755 48 lion.jpg
