16
0 30 1.100000 394 444 vegetaljungle.jpg
1 60 1.100000 43 280 hippo.jpg
2 50 1.100000 644 444 elephant.jpg
3 30 1.100000 319 344 fourmi.jpg
4 60 1.100000 494 344 babouin.jpg
5 50 1.100000 394 194 phaco.jpg
6 30 1.100000 -3 611 buffle.jpg
7 30 1.100000 244 194 gnou.jpg
8 60 1.100000 544 194 zebre.jpg
9 50 1.100000 744 194 gazelle.jpg
10 30 1.100000 169 44 lion.jpg
11 60 1.100000 319 44 leopard.jpg
12 50 1.100000 494 44 guepard.jpg
13 30 1.100000 618 44 hyene.jpg
14 0 1.100000 760 33 lion.jpg
15 0 1.100000 753 46 lion.jpg
